% time     seconds  usecs/call     calls    errors syscall
------ ----------- ----------- --------- --------- ----------------
 16,67    0,000538           9        55           mmap
 16,23    0,000524           5       103        17 stat
 12,98    0,000419           9        44         2 openat
 10,25    0,000331          18        18           getdents64
  9,63    0,000311           6        50           read
  7,19    0,000232          16        14           mprotect
  5,86    0,000189           4        45           close
  5,14    0,000166           2        66           fstat
  3,00    0,000097          24         4           munmap
  2,57    0,000083           3        25         2 lseek
  2,48    0,000080           1        68           rt_sigaction
  2,17    0,000070           7        10           brk
  1,83    0,000059           5        10           futex
  0,59    0,000019           1        12         4 ioctl
  0,59    0,000019           6         3         2 readlink
  0,43    0,000014          14         1           lstat
  0,40    0,000013           4         3           fcntl
  0,34    0,000011           5         2           getcwd
  0,31    0,000010          10         1           write
  0,31    0,000010          10         1           getrandom
  0,22    0,000007           7         1           prlimit64
  0,19    0,000006           6         1           arch_prctl
  0,15    0,000005           5         1           rt_sigprocmask
  0,15    0,000005           5         1           set_tid_address
  0,15    0,000005           5         1           set_robust_list
  0,03    0,000001           1         1           getpid
  0,03    0,000001           1         1           getuid
  0,03    0,000001           1         1           getgid
  0,03    0,000001           1         1           geteuid
  0,03    0,000001           1         1           getegid
  0,00    0,000000           0         1         1 access
  0,00    0,000000           0         3           dup
  0,00    0,000000           0         1           execve
  0,00    0,000000           0         1           sysinfo
  0,00    0,000000           0         3           sigaltstack
------ ----------- ----------- --------- --------- ----------------
100.00    0,003228                   554        28 total
